(
Bm10655:0.46750,
WBGene00003590:0.44050,
WBGene00246409:0.49750);
