(
Bm1124:0.42550,
WBGene00010521:0.54250,
WBGene00248714:0.40250);
