(
Bm11309:0.27300,
WBGene00003998:0.66800,
WBGene00247089:0.29800);
