(
Bm13596:0.47400,
WBGene00016234:0.49000,
WBGene00242963:0.43600);
