(
Bm1591:0.29450,
WBGene00015756:0.64250,
WBGene00248812:0.32550);
