(
Bm254:0.42750,
WBGene00015633:0.49750,
WBGene00236950:0.45950);
