(
Bm2777:0.39350,
WBGene00008107:0.56450,
WBGene00244687:0.39550);
