(
Bm2740:0.39550,
WBGene00016625:0.51550,
WBGene00247231:0.41050);
