(
Bm3180:0.19700,
WBGene00000397:0.75800,
WBGene00241124:0.18600);
