(
Bm3920:0.37800,
WBGene00006949:0.55800,
WBGene00242186:0.40400);
