(
Bm4024:0.37900,
WBGene00001713:0.57500,
WBGene00243458:0.38800);
