(
Bm4560:0.35600,
WBGene00019064:0.61300,
WBGene00243715:0.34100);
