(
Bm4781:0.32500,
WBGene00010524:0.63400,
WBGene00242933:0.33000);
