(
Bm5422:0.42850,
WBGene00020096:0.47650,
WBGene00246106:0.42950);
