(
Bm6301:0.37100,
WBGene00003154:0.59700,
WBGene00246732:0.35200);
