(
Bm7019:0.41000,
WBGene00022101:0.56100,
WBGene00244214:0.33100);
