(
Bm7615:0.40950,
WBGene00002299:0.52750,
WBGene00237755:0.44150);
