(
Bm9082:0.41100,
WBGene00001481:0.50200,
WBGene00239202:0.44400);
