(
Bm9885:0.46150,
WBGene00009731:0.51950,
WBGene00245533:0.44150);
