(
Bm11532:0.41850,
WBGene00013955:0.44050,
WBGene00238525:0.44750);
