(
Bm1388:0.41250,
WBGene00000531:0.55850,
WBGene00248242:0.41550);
