(
Bm17784:0.40450,
WBGene00007203:0.55150,
WBGene00249062:0.38450);
