(
Bm1905:0.25850,
WBGene00015332:0.70650,
WBGene00244691:0.24450);
