(
Bm2049:0.48650,
WBGene00015570:0.48950,
WBGene00238436:0.45750);
