(
Bm2400:0.20450,
WBGene00001159:0.70150,
WBGene00247721:0.21750);
