(
Bm3773:0.32200,
WBGene00009340:0.64900,
WBGene00243759:0.28500);
