(
Bm4014:0.44350,
WBGene00009626:0.52050,
WBGene00246627:0.45150);
