(
Bm4364:0.25450,
WBGene00018798:0.70350,
WBGene00237428:0.26950);
