(
Bm5762:0.48450,
WBGene00020476:0.48750,
WBGene00249413:0.46050);
