(
Bm599:0.40500,
WBGene00007203:0.55100,
WBGene00249062:0.38500);
