(
Bm6291:0.47700,
WBGene00022643:0.49900,
WBGene00240143:0.45600);
