(
Bm6806:0.39750,
WBGene00003387:0.55550,
WBGene00237024:0.35650);
