(
Bm7179:0.34450,
WBGene00044260:0.54450,
WBGene00237203:0.36250);
