(
Bm8594:0.44600,
WBGene00000392:0.51900,
WBGene00249368:0.45200);
