(
Bm10589:0.31550,
WBGene00009173:0.64950,
WBGene00242699:0.31150);
