(
Bm11330:0.22500,
WBGene00004096:0.71900,
WBGene00247653:0.24500);
