(
Bm11575:0.40600,
WBGene00008449:0.52300,
WBGene00240034:0.44300);
