(
Bm12731:0.32000,
WBGene00020343:0.65100,
WBGene00242971:0.28400);
