(
Bm17988:0.32250,
WBGene00004062:0.54350,
WBGene00240101:0.39450);
