(
Bm2270:0.46350,
WBGene00003553:0.46950,
WBGene00239200:0.41250);
