(
Bm3159:0.45150,
WBGene00011076:0.49150,
WBGene00248702:0.46950);
