(
Bm4549:0.48500,
WBGene00019030:0.48600,
WBGene00244901:0.43900);
