(
Bm5179:0.45550,
WBGene00010977:0.49250,
WBGene00248889:0.47750);
