(
Bm5447:0.40350,
WBGene00011307:0.55450,
WBGene00243594:0.42150);
