(
Bm5728:0.40400,
WBGene00011713:0.51600,
WBGene00244198:0.44100);
