(
Bm6154:0.46400,
WBGene00003015:0.49800,
WBGene00247150:0.46500);
