(
Bm6540:0.32450,
WBGene00002229:0.64750,
WBGene00244488:0.28950);
