(
Bm6608:0.43700,
WBGene00012941:0.43200,
WBGene00246170:0.51300);
