(
Bm7973:0.41850,
WBGene00017968:0.53850,
WBGene00248067:0.42150);
