(
Bm9021:0.37250,
WBGene00000757:0.54150,
WBGene00246053:0.42150);
