(
Bm9570:0.34350,
WBGene00003018:0.61850,
WBGene00239724:0.33950);
