(
Bm11071:0.39900,
WBGene00000609:0.51800,
WBGene00247025:0.42900);
