(
Bm11052:0.39500,
WBGene00012866:0.52300,
WBGene00248922:0.43400);
