(
Bm12803:0.40900,
WBGene00000776:0.53600,
WBGene00238522:0.40300);
