(
Bm13532:0.44500,
WBGene00017772:0.47500,
WBGene00246984:0.44700);
