(
Bm1797:0.37200,
WBGene00000903:0.59100,
WBGene00244469:0.36800);
