(
Bm2854:0.38900,
WBGene00000757:0.49900,
WBGene00246154:0.41600);
