(
Bm2802:0.22500,
WBGene00008841:0.74500,
WBGene00246313:0.23400);
