(
Bm3303:0.24450,
WBGene00003623:0.72050,
WBGene00239648:0.25750);
