(
Bm3652:0.26000,
WBGene00006518:0.67000,
WBGene00237431:0.26300);
