(
Bm4233:0.42050,
WBGene00011462:0.50150,
WBGene00246384:0.46750);
