(
Bm4507:0.52800,
WBGene00000710:0.44500,
WBGene00241286:0.42600);
