(
Bm4605:0.22900,
WBGene00000727:0.74400,
WBGene00246005:0.20500);
