(
Bm4756:0.29950,
WBGene00019298:0.60950,
WBGene00241233:0.33250);
