(
Bm5473:0.31500,
WBGene00011328:0.66100,
WBGene00243379:0.30400);
