(
Bm6190:0.26600,
WBGene00003675:0.69400,
WBGene00237636:0.28700);
