(
Bm856:0.40950,
WBGene00000171:0.56650,
WBGene00240448:0.39850);
