(
Bm12326:0.15800,
WBGene00020554:0.73500,
WBGene00242866:0.22600);
