(
Bm17348:0.25900,
WBGene00019184:0.52900,
WBGene00245705:0.39500);
