(
Bm17657:0.28300,
WBGene00021645:0.67400,
WBGene00238007:0.24700);
