(
Bm2017:0.32000,
WBGene00189995:0.62900,
WBGene00241116:0.32000);
