(
Bm2559:0.43200,
WBGene00007916:0.53200,
WBGene00248405:0.44300);
