(
Bm2541:0.35750,
WBGene00007903:0.52950,
WBGene00239151:0.43750);
