(
Bm2775:0.47400,
WBGene00004219:0.48400,
WBGene00239395:0.47500);
