(
Bm3341:0.44300,
WBGene00008743:0.45200,
WBGene00247205:0.43400);
