(
Bm3310:0.45250,
WBGene00009094:0.51450,
WBGene00242893:0.40950);
