(
Bm3571:0.52050,
WBGene00009108:0.44550,
WBGene00244219:0.45050);
