(
Bm363:0.44150,
WBGene00011508:0.49850,
WBGene00240907:0.43150);
