(
Bm4904:0.45350,
WBGene00000648:0.52650,
WBGene00238932:0.42750);
