(
Bm5273:0.15050,
WBGene00000851:0.81950,
WBGene00249127:0.13650);
