(
Bm5891:0.44450,
WBGene00194737:0.50750,
WBGene00247703:0.47850);
