(
Bm6495:0.45400,
WBGene00020855:0.51500,
WBGene00243238:0.46100);
