(
Bm6977:0.29300,
WBGene00001725:0.62400,
WBGene00238245:0.33400);
