(
Bm7608:0.28900,
WBGene00000672:0.67800,
WBGene00244992:0.27200);
