(
Bm12264:0.33300,
WBGene00006956:0.63600,
WBGene00247763:0.31100);
