(
Bm14692:0.42550,
WBGene00001714:0.48350,
WBGene00243146:0.40550);
