(
Bm2787:0.47150,
WBGene00016700:0.47650,
WBGene00240896:0.48650);
