(
Bm2786:0.42700,
WBGene00000603:0.55000,
WBGene00246208:0.36500);
