(
Bm3280:0.47750,
WBGene00008655:0.48250,
WBGene00244931:0.38050);
