(
Bm4821:0.34800,
WBGene00010573:0.62500,
WBGene00244414:0.34800);
