(
Bm6373:0.34600,
WBGene00012540:0.55400,
WBGene00240962:0.36100);
