(
Bm6587:0.49300,
WBGene00012917:0.46200,
WBGene00248265:0.47200);
