(
Bm8605:0.32400,
WBGene00000678:0.62800,
WBGene00238737:0.30200);
