(
Bm2387:0.22300,
WBGene00044391:0.75100,
WBGene00242077:0.22800);
