(
Bm2875:0.44800,
WBGene00008233:0.50200,
WBGene00243240:0.46100);
