(
Bm2821:0.25800,
WBGene00000851:0.69500,
WBGene00247255:0.28100);
