(
Bm2903:0.31000,
WBGene00008260:0.63800,
WBGene00242362:0.30300);
