(
Bm4257:0.32900,
WBGene00004127:0.59900,
WBGene00239362:0.35300);
