(
Bm4552:0.37050,
WBGene00077697:0.55950,
WBGene00243064:0.38050);
