(
Bm4989:0.27550,
WBGene00019636:0.68250,
WBGene00245075:0.27650);
