(
Bm5281:0.27900,
WBGene00011112:0.68400,
WBGene00245641:0.28100);
