(
Bm5274:0.23100,
WBGene00000851:0.69100,
WBGene00248001:0.26600);
