(
Bm5496:0.46150,
WBGene00001716:0.49750,
WBGene00244145:0.48050);
