(
Bm5663:0.36550,
WBGene00000759:0.56550,
WBGene00239079:0.36950);
