(
Bm6121:0.47200,
WBGene00012200:0.44800,
WBGene00239160:0.44500);
