(
Bm6913:0.18450,
WBGene00013007:0.72550,
WBGene00247882:0.22250);
