(
Bm7883:0.35750,
WBGene00006955:0.58550,
WBGene00238623:0.37650);
