(
Bm7951:0.34950,
WBGene00015523:0.55150,
WBGene00244828:0.39650);
