(
Bm8002:0.48500,
WBGene00044631:0.48800,
WBGene00243112:0.47100);
