(
Bm1937:0.40700,
WBGene00005643:0.45100,
WBGene00238889:0.45900);
