(
Bm4184:0.30200,
WBGene00018569:0.58400,
WBGene00240195:0.31600);
