(
Bm4316:0.30850,
WBGene00018765:0.50750,
WBGene00237916:0.43650);
