(
Bm6087:0.19850,
WBGene00012149:0.72750,
WBGene00247207:0.23950);
