(
Bm6198:0.45850,
WBGene00021043:0.50950,
WBGene00244846:0.45650);
