(
Bm6185:0.26300,
WBGene00012257:0.68000,
WBGene00241477:0.29500);
