(
Bm1023:0.13050,
WBGene00018765:0.64250,
WBGene00237915:0.30750);
