(
Bm1666:0.31400,
WBGene00000776:0.61600,
WBGene00242652:0.34200);
