(
Bm243:0.46000,
WBGene00006672:0.39200,
WBGene00238806:0.49800);
