(
Bm4144:0.45950,
WBGene00018486:0.51450,
WBGene00239764:0.46150);
