(
Bm4793:0.42600,
WBGene00019370:0.50400,
WBGene00240932:0.45600);
