(
Bm5143:0.25900,
WBGene00011185:0.66000,
WBGene00248568:0.29900);
