(
Bm5341:0.40550,
WBGene00011235:0.40550,
WBGene00238122:0.48050);
