(
Bm5517:0.47250,
WBGene00004910:0.42650,
WBGene00247955:0.48450);
