(
Bm5944:0.38750,
WBGene00044553:0.58950,
WBGene00243753:0.37350);
