(
Bm6362:0.45750,
WBGene00009942:0.49450,
WBGene00240204:0.37350);
