(
Bm7382:0.41450,
WBGene00013882:0.52050,
WBGene00241039:0.41750);
