(
Bm8446:0.38550,
WBGene00005643:0.52750,
WBGene00238889:0.38250);
