(
Bm1120:0.28200,
WBGene00008320:0.69700,
WBGene00249079:0.26500);
