(
Bm14712:0.23100,
WBGene00000757:0.61600,
WBGene00246161:0.34600);
