(
Bm1559:0.23050,
WBGene00012285:0.73250,
WBGene00244019:0.20850);
