(
Bm1938:0.32950,
WBGene00005643:0.63550,
WBGene00238889:0.27450);
