(
Bm2648:0.44750,
WBGene00016505:0.46150,
WBGene00245907:0.45350);
