(
Bm3942:0.38850,
WBGene00009562:0.47450,
WBGene00236985:0.39250);
