(
Bm6642:0.45050,
WBGene00012983:0.46350,
WBGene00247198:0.46250);
