(
Bm8228:0.31550,
WBGene00016162:0.64550,
WBGene00246886:0.19250);
