(
Bm9416:0.50800,
WBGene00011511:0.47000,
WBGene00239939:0.45400);
